       13.010000        13.470000        13.940000        14.430000
       14.940000        15.470000        16.010000        16.580000
       17.164000        16.606000        17.013000        18.100000
       18.889000        18.635000        18.965000        18.504000
       19.207000        22.065000        26.692000        24.092000
       27.067000        24.924000        23.673000        25.037000
       25.974000        29.839000        31.406000        31.319000
       30.676000        30.858000        30.926000        29.376000
       27.847000        28.439000        28.188000        28.410000
       27.423000        26.327000        27.103000        28.385000
       30.986000        32.080000        33.169000        34.676000
       37.051000        38.652000        43.921000        45.998000
       46.981000        52.050000        54.383000        54.383000
       55.126000        55.126000        56.647000        55.903000
       56.647000        59.621000        55.126000        49.177000
       48.434000        46.947000        44.716000        56.674000
       57.391000        53.639000        52.152000        53.639000
       51.408000        53.639000        55.903000        47.690000
       54.383000        55.734000        62.224000        83.382000
       86.965000        92.846000        97.104000        110.05000
       128.10000        135.64000        126.51000        144.93000
       125.00000        131.42000        136.15000        134.53000
