       8.9920000        8.4567000        8.5103000        8.5638000
       8.7779000        8.6173000        8.8314000        10.705000
       7.4398000        6.3693000        5.9947000        6.3158000
       6.6905000        7.4398000        6.6369000        8.9385000
       7.6004000        5.9947000        6.9046000        9.9554000
       7.2792000        4.1748000        4.9242000        4.0678000
       4.0678000        5.0848000        6.1552000        8.4567000
       6.8510000        5.5665000        4.3889000        2.7832000
       2.3550000        2.3550000        2.7832000        2.6762000
       3.6396000        4.4960000        2.7832000        2.5691000
       2.7297000        4.0678000        4.7636000        4.7636000
       4.7636000        4.7636000        6.1552000        18.680000
       21.249000        11.561000        17.181000        19.001000
       18.947000        19.857000        30.937000        20.071000
       14.612000        16.378000        23.711000        19.590000
       15.201000        12.096000        11.240000        13.541000
       12.525000        9.2596000        13.060000        15.575000
       18.412000        24.460000        18.305000        14.344000
       17.288000        34.469000        52.507000        40.036000
       58.501000        108.39000        97.413000        94.202000
       74.398000        59.411000        49.604000        60.574000
       70.110000        65.660000        60.980000        58.758000
