       4.5941000        3.5978000        3.0443000        3.0996000
       4.3173000        4.5941000        4.4280000        3.5978000
       4.5941000        4.8708000        5.7565000        7.8044000
       8.8561000        7.1956000        6.3653000        5.3137000
       5.8672000        5.6458000        7.0295000        13.727000
       10.572000        5.7565000        7.9151000        8.1919000
       11.790000        13.616000        12.343000        10.351000
       12.841000        12.232000        7.1402000        4.8708000
       5.8672000        5.0369000        6.1439000        4.9262000
       5.2583000        6.0886000        4.2620000        4.0959000
       3.9299000        6.2546000        7.4170000        7.4170000
       7.4170000        7.5277000        10.240000        14.779000
       15.000000        18.103000        25.862000        30.517000
       29.483000        29.483000        39.828000        31.034000
       35.690000        35.172000        25.862000        22.241000
       21.207000        19.655000        18.621000        18.103000
       24.310000        23.793000        21.724000        20.172000
       20.172000        20.690000        26.897000        23.276000
       25.862000        32.069000        34.138000        33.621000
       73.965000        124.66000        85.862000        89.483000
       80.690000        66.207000        72.419000        68.048000
       74.550000        75.530000        100.52000        58.660000
