       21.724000        21.616000        14.800000        17.765000
       17.202000        20.919000        25.870000        26.836000
       17.725000        17.417000        17.095000        16.611000
       21.925000        20.489000        18.248000        23.186000
       36.497000        36.470000        33.049000        25.078000
       23.428000        16.773000        17.953000        19.349000
       17.470000        18.839000        18.517000        17.336000
       19.550000        24.300000        17.417000        10.895000
       7.4604000        9.4194000        11.311000        11.607000
       12.707000        17.672000        13.418000        14.706000
       15.162000        15.833000        15.806000        15.806000
       15.806000        15.806000        18.544000        28.124000
       29.573000        25.763000        28.500000        32.472000
       32.472000        38.644000        39.838000        50.304000
       56.114000        39.690000        34.565000        41.837000
       43.005000        40.147000        41.059000        41.059000
       42.884000        46.990000        48.533000        51.297000
       56.154000        63.776000        77.422000        69.009000
       67.922000        78.992000        102.85000        85.258000
       92.343000        88.304000        87.901000        123.79000
       137.37000        112.38000        97.791000        104.44000
       89.580000        87.980000        86.670000        112.46000
