       16.990000        17.090000        17.650000        21.520000
       20.670000        19.260000        21.240000        21.520000
       20.580000        23.510000        27.750000        24.170000
       21.900000        24.070000        20.860000        19.730000
       29.550000        46.160000        57.210000        63.530000
       50.030000        32.850000        41.440000        52.770000
       51.260000        41.440000        32.190000        32.190000
       36.250000        32.570000        23.980000        14.630000
       12.370000        16.990000        21.900000        22.660000
       22.940000        20.200000        16.340000        17.560000
       19.540000        27.090000        35.020000        36.630000
       37.950000        42.480000        54.470000        62.020000
       58.910000        56.920000        67.680000        75.330000
       66.930000        60.890000        60.420000        60.510000
       58.620000        57.110000        57.870000        56.070000
       53.620000        56.260000        59.190000        58.720000
       55.980000        52.490000        43.800000        36.250000
       35.680000        35.400000        37.850000        48.050000
       55.220000        74.200000        78.290000        79.390000
       106.67000        102.23000        92.610000        105.16000
       118.94000        108.94000        94.470000        108.53000
       104.55000        77.200000        61.500000        95.973000
