       25.000000        25.000000        26.000000        27.000000
       27.000000        27.000000        27.000000        28.000000
       27.000000        27.000000        28.000000        28.000000
       29.000000        29.700000        30.100000        30.400000
       32.700000        38.400000        45.100000        51.800000
       60.000000        53.600000        50.200000        51.100000
       51.200000        52.500000        53.000000        52.000000
       51.300000        51.300000        50.000000        45.600000
       40.900000        38.800000        40.100000        41.100000
       41.500000        43.000000        42.200000        41.600000
       42.000000        44.100000        48.800000        51.800000
       52.700000        53.900000        58.500000        66.900000
       72.100000        71.400000        72.100000        77.800000
       79.500000        80.100000        80.500000        80.200000
       81.400000        84.300000        86.600000        87.300000
       88.687783        89.572193        90.682847        91.752365
       92.986425        94.467297        97.285068        100.00000
       104.21637        109.85191        116.35130        121.26697
       125.25710        133.05224        147.75812        161.25051
       170.48540        181.59194        195.41341        217.46195
       246.85315        272.35705        289.11970        298.45742
       311.14768        322.23365        328.40395        340.39490
