       13.900000        12.460000        11.970000        13.110000
       13.610000        17.960000        22.780000        20.390000
       15.060000        12.650000        14.380000        19.710000
       20.410000        25.750000        26.660000        20.030000
       29.480000        37.460000        37.370000        44.240000
       32.760000        21.200000        27.220000        23.730000
       28.030000        47.890000        42.560000        31.820000
       32.820000        31.020000        19.400000        14.390000
       11.260000        12.600000        14.180000        16.530000
       17.460000        19.430000        17.270000        23.540000
       22.360000        21.230000        19.940000        26.620000
       32.410000        31.600000        39.560000        64.330000
       77.920000        56.710000        62.800000        93.500000
       56.020000        44.480000        52.240000        47.330000
       49.750000        59.510000        52.010000        51.290000
       74.580000        91.500000        62.070000        61.050000
       66.860000        71.200000        79.230000        56.560000
       61.850000        69.160000        66.340000        72.750000
       69.430000        67.170000        83.720000        83.140000
       70.640000        89.550000        104.74000        105.71000
       98.370000        88.520000        82.120000        86.140000
       157.37000        173.06000        79.080000        94.500000
