       16.770000        21.465000        27.628000        19.705000
       21.130000        22.346000        19.663000        22.262000
       29.054000        28.341000        23.813000        25.490000
       28.665000        25.990000        29.472000        30.916000
       34.823000        70.495000        68.457000        67.692000
       60.345000        23.994000        26.287000        34.738000
       40.726000        43.783000        31.765000        36.649000
       41.448000        39.622000        34.823000        21.955000
       12.952000        16.902000        27.561000        34.526000
       35.502000        43.741000        23.144000        21.233000
       24.461000        29.939000        35.375000        43.868000
       48.115000        49.559000        69.306000        87.524000
       40.738000        60.771000        65.586000        69.342000
       60.289000        57.978000        56.148000        46.998000
       49.695000        45.843000        45.843000        44.398000
       41.702000        44.206000        49.503000        52.681000
       53.740000        52.970000        57.207000        48.058000
       47.287000        51.910000        56.244000        56.244000
       53.933000        94.382000        127.13000        115.18000
       108.25000        91.782000        96.983000        111.24000
       120.67000        125.97000        105.28000        130.97000
       130.87000        108.05000        85.710000        74.099000
