       16.580000        15.700000        16.570000        16.860000
       16.570000        16.280000        18.310000        19.770000
       16.570000        17.440000        21.220000        20.930000
       20.060000        21.510000        23.550000        24.710000
       35.470000        52.030000        97.380000        52.330000
       36.630000        20.350000        21.510000        22.090000
       23.840000        27.030000        25.000000        23.260000
       23.550000        23.840000        18.900000        13.950000
       11.050000        11.050000        15.700000        22.380000
       22.670000        25.000000        19.700000        20.350000
       20.930000        28.200000        34.590000        25.000000
       25.000000        25.000000        25.000000        51.740000
       63.370000        46.800000        42.440000        67.150000
       40.120000        35.470000        36.340000        37.790000
       43.600000        44.190000        41.860000        42.440000
       41.280000        42.440000        40.410000        40.700000
       41.280000        45.930000        43.900000        43.020000
       42.150000        36.340000        46.220000        43.900000
       34.880000        48.260000        77.910000        75.580000
       59.300000        88.370000        101.45000        110.17000
       99.130000        95.640000        73.550000        87.210000
       126.90000        87.210000        43.520000        58.012000
