       22.771000        20.467000        19.789000        25.035000
       20.877000        23.488000        27.608000        29.637000
       30.746000        24.195000        24.153000        31.609000
       36.468000        28.552000        26.907000        27.253000
       25.154000        21.707000        24.719000        26.553000
       31.241000        35.767000        39.560000        37.559000
       40.847000        41.170000        44.269000        41.005000
       37.098000        37.027000        29.171000        16.366000
       14.392000        12.232000        15.912000        20.785000
       20.405000        21.633000        19.850000        19.208000
       23.088000        25.814000        28.353000        29.628000
       29.628000        29.628000        34.177000        54.719000
       57.992000        50.082000        42.235000        44.614000
       48.290000        53.975000        48.785000        43.718000
       42.297000        42.389000        43.965000        40.844000
       38.527000        42.173000        47.209000        44.274000
       42.544000        42.111000        50.422000        63.587000
       62.286000        57.744000        44.490000        39.856000
       45.448000        108.14000        167.46000        112.18000
       78.630000        84.099000        113.54000        102.36000
       134.06000        149.23000        90.532000        85.596000
       77.930000        66.740000        65.540000        71.705000
