       33.190000        26.857000        21.462000        22.986000
       30.609000        32.720000        24.863000        26.153000
       30.023000        29.554000        31.900000        35.418000
       30.609000        22.869000        30.961000        38.819000
       51.250000        54.182000        49.726000        59.343000
       140.15000        36.356000        32.838000        58.991000
       44.800000        26.270000        26.036000        30.961000
       25.567000        20.172000        14.425000        13.018000
       8.3267000        11.367000        13.956000        18.530000
       20.289000        20.641000        17.005000        17.709000
       15.950000        19.820000        29.671000        28.616000
       28.968000        34.480000        41.634000        56.293000
       49.608000        48.788000        58.404000        66.496000
       48.905000        39.992000        38.233000        37.998000
       40.813000        60.515000        41.047000        34.831000
       36.825000        34.128000        34.949000        99.686000
       68.847000        24.863000        21.814000        23.338000
       23.221000        39.523000        43.979000        53.010000
       87.137000        112.94000        351.36000        240.42000
       135.81000        95.229000        91.477000        113.29000
       336.24000        198.90000        99.053000        99.534000
       61.310000        48.090000        73.030000        81.563000
