       18.814000        17.994000        19.067000        14.521000
       17.425000        16.920000        14.837000        14.521000
       13.448000        14.710000        15.152000        15.279000
       15.468000        15.658000        15.658000        15.152000
       15.152000        19.319000        22.602000        21.693000
       17.381000        15.092000        21.149000        27.052000
       27.656000        27.486000        29.650000        29.206000
       25.698000        25.034000        23.370000        17.496000
       10.422000        15.675000        21.194000        19.996000
       20.592000        23.764000        22.264000        19.355000
       19.770000        25.300000        32.973000        29.655000
       28.964000        28.964000        27.443000        38.020000
       40.439000        43.072000        38.370000        48.151000
       40.157000        48.057000        69.405000        65.831000
       63.668000        58.401000        60.470000        60.000000
       60.659000        58.025000        58.684000        55.674000
       56.521000        55.110000        53.605000        54.075000
       44.577000        41.473000        46.740000        44.953000
       44.859000        45.141000        59.812000        59.060000
       65.549000        114.64000        93.386000        91.975000
       95.173000        86.050000        82.447000        99.339000
       147.52000        84.420000        82.290000        72.879000
