       4.7804000        2.6764000        4.2832000        4.4911000
       4.4751000        5.0139000        6.3665000        6.1027000
       4.7101000        4.7517000        5.4551000        6.7589000
       7.3705000        7.0747000        5.4839000        6.1698000
       6.9516000        9.8806000        14.189000        10.125000
       7.7174000        4.7836000        5.2041000        6.8205000
       8.0228000        9.2555000        10.437000        10.288000
       8.0628000        7.2202000        5.0666000        3.9123000
       3.5206000        6.2529000        8.3442000        8.0612000
       7.4249000        8.6879000        6.7630000        8.0452000
       7.9669000        8.3170000        8.3138000        8.3138000
       8.3138000        8.3138000        8.7199000        12.463000
       15.868000        15.883000        15.275000        20.318000
       19.261000        15.323000        14.683000        15.147000
       16.214000        15.390000        15.209000        16.316000
       16.218000        18.116000        18.330000        18.650000
       25.197000        28.491000        26.232000        24.531000
       23.686000        26.300000        27.853000        26.756000
       28.374000        36.376000        63.356000        54.331000
       60.726000        85.472000        100.66000        113.87000
       135.26000        115.51000        104.53000        103.07000
       99.730000        94.660000        58.560000        63.583000
