       20.383000        19.533000        22.364000        22.364000
       26.044000        25.478000        21.515000        24.912000
       29.441000        30.857000        27.177000        26.894000
       27.743000        22.647000        28.309000        35.953000
       39.067000        62.280000        61.714000        61.714000
       65.960000        41.331000        34.537000        30.008000
       35.669000        46.427000        42.464000        41.897000
       38.217000        37.934000        26.894000        16.136000
       13.588000        15.853000        21.515000        24.063000
       26.611000        37.934000        28.309000        17.552000
       18.684000        18.684000        20.949000        34.254000
       36.519000        39.350000        64.545000        75.019000
       67.376000        56.028000        49.645000        57.447000
       60.283000        54.610000        47.518000        45.886000
       45.886000        44.539000        43.759000        45.319000
       44.539000        45.106000        46.879000        47.447000
       49.787000        46.666000        49.787000        49.220000
       47.163000        45.603000        44.822000        45.319000
       50.567000        104.40000        148.01000        128.58000
       105.74000        82.127000        95.602000        122.27000
       135.32000        139.29000        118.04000        120.22000
       117.31000        122.92000        113.48000        94.319000
